   1.74323544E-02           1
   1.84838194E-02           3
   4.84213606E-02           2
   3.52914929E-02           4
   5.38792871E-02           3
   4.03801240E-02           3
   2.41410211E-02           1
   1.08141750E-02           3
   1.19950622E-02           2
   1.46738635E-02           3
   5.95284216E-02           3
   5.63807897E-02           3
   5.54566756E-02           2
   6.91646636E-02           3
   7.01492652E-02           2
   7.54074529E-02           1
   6.50339872E-02           3
   5.87215424E-02           3
   6.36353567E-02           3
   7.36253336E-02           3
  0.168444633               3
  0.101012513               3
   5.04716076E-02           1
   4.98829260E-02           3
   3.31091136E-02           2
   3.14024277E-02           2
   2.27981322E-02           3
   1.32485395E-02           3
   3.04565541E-02           2
   3.64356823E-02           2
  0.139911190               2
  0.187964901               2
  0.178569824               3
  0.254151225               3
  0.342767447               1
  0.270278573               1
  0.237877071               2
  0.197331473               3
  0.258028328               1
  0.247728482               1
  0.201706991               2
   9.93852764E-02           1
   2.07305308E-02           1
   1.27440281E-02           3
   9.37171429E-02           1
  0.110691793               3
  0.139911190               3
  0.195677564               3
  0.176541671               1
  0.167832732               2
  0.167869851               2
  0.208618835               3
  0.174144730               2
   8.43387768E-02           3
   9.00302753E-02           2
   7.11710006E-02           2
   2.97149327E-02           2
   2.89897136E-02           2
   2.03844737E-02           3
   4.90500443E-02           2
   6.28682747E-02           3
   9.94999707E-02           3
  0.115569010               3
  0.206141576               3
  0.219104663               2
  0.113972530               2
   7.66952857E-02           1
   8.79790708E-02           2
   9.66891870E-02           1
  0.109206356               3
   8.59244466E-02           1
   9.21503827E-02           3
   5.21232300E-02           3
   7.99134746E-02           1
   2.65962761E-02           1
   2.67502237E-02           2
   4.98546362E-02           3
   2.06313338E-02           3
   2.29888745E-02           3
